$ANSIBLE_VAULT;1.1;AES256
36633533373537366636646562386239626432336135333738363062336230623730303361663033
6430356231303433653330396435373662623439663739640a396633363139643530633932636531
31356236663263346461393836656130323961346232316330323862333738396139616137626239
3565383238393665350a646338616333343432636437383365373135306239353863636461633134
65333138333862636532663237356539303437366162376663636631616161626432343363346531
32326131363361633832336631366237353665376461366466623632656235336637656535393065
63353832343934336665666165636536376463333961633733393065623232626165613031313364
37343566326335383733653061393736633230343636393138306234666139623131373333666330
65303531376565376137613337653931643864303964633631393565356566393864353831353163
66343132313239666238616432346439363630663136373333613530633933653730626137633333
30616664366130646430323439393562373730663635303134306131373565653339383632373739
35353138376463656162323364333632383465323664343365636631346466376639663131623064
65396165343366323638393136646637306438643234653333643662653031303063643339333564
66626138663662613266376164363438383639313432386463656363393161613263623861333761
39326466323233343962323163356339373463643837643766316235333765396564626565633763
34643162373866346138616639623539373764346334336464653431366437623166393862363863
38326539343038656534366432656566643366376531656438363733646639393262353237323131
38623263613239343332643363303163653965343831353433353634343061393431343339663735
62333131616330306164386365383131336436383038636438346339653461396434363534623439
34646430643534353733663065333434623931353332636238363430323733326632383165613633
37393762373862613338653666643734643762633130666565633730316261643632646133336639
64366334663031333130643865366262626266396663323865333335656338316637633864613034
64323231376462666237643231353237633932623538303435373239333638343435643630363933
32343738333739666461396438373539616162396332666361646566306632653135343037366366
3462
